1,007975
4,002602
6,9395
9,0121831
10,8135
12,0106
14,006855
15,99940
18,99840316
20,1797
22,98976928
24,3055
26,9815385
28,085
30,97376200
32,0675
35,4515
39,948
39,0983
40,078
44,955908
47,867
50,9415
51,9961
54,938044
55,845
58,933194
58,6934
63,546
65,38
69,723
72,630
74,921595
78,971
79,904
83,798
85,4678
87,62
88,90584
91,224
92,90637
95,95
98
101,07
102,90550
106,42
107,8682
112,414
114,818
118,710
121,760
127,60
126,90447
131,293
132,905452
137,327
138,90547
140,116
140,90766
144,242
145
150,36
151,964
157,25
158,92535
162,500
164,93033
167,259
168,93422
173,045
174,9668
178,49
180,94788
183,84
186,207
190,23
192,217
195,084
196,966569
200,592
204,3835
207,2
208,98040
209
210
222
223
226
227
232,0377
231,03588
238,02891
237
244
243
247
247
251
252
257
258
259
266
267
268
269
270
277
278
281
282
285
286
289
289
293
294
294
